1698132964.911110 0.041711 -0.282124 0.730644 0 0 0 1
1698132965.110930 0.062272 -0.307903 0.951572 0 0 0 1
1698132965.311083 0.064865 -0.339383 1.172843 0 0 0 1
1698132965.510280 0.074871 -0.365430 1.398772 0 0 0 1
1698132965.710733 0.078877 -0.379835 1.611942 0 0 0 1
1698132965.911038 0.082475 -0.395412 1.809297 0 0 0 1
1698132966.110851 0.075409 -0.401585 2.019153 0 0 0 1
1698132966.310702 0.070346 -0.400254 2.210758 0 0 0 1
1698132966.510711 0.067072 -0.398288 2.437241 0 0 0 1
1698132966.710491 0.059473 -0.404174 2.674897 0 0 0 1
1698132966.911277 0.055180 -0.402141 2.961059 0 0 0 1
1698132967.111183 0.050274 -0.401786 3.334001 0 0 0 1
1698132967.311276 0.034630 -0.399602 3.757167 0 0 0 1
1698132967.511139 0.012368 -0.400910 4.220560 0 0 0 1
1698132967.711149 -0.000153 -0.402099 4.717927 0 0 0 1
1698132967.910532 -0.025636 -0.397674 5.235983 0 0 0 1
1698132968.111117 -0.032508 -0.397560 5.758125 0 0 0 1
1698132968.310394 -0.040916 -0.400246 6.290540 0 0 0 1
1698132968.510854 -0.042367 -0.402522 6.804140 0 0 0 1
1698132968.710783 -0.047813 -0.405314 7.357917 0 0 0 1
1698132968.910716 -0.050407 -0.402372 7.869475 0 0 0 1
1698132969.110192 -0.044646 -0.403104 8.393766 0 0 0 1
1698132969.310307 -0.039889 -0.394714 8.940663 0 0 0 1
1698132969.510674 -0.041431 -0.389680 9.465032 0 0 0 1
1698132969.710768 -0.039970 -0.389676 9.980402 0 0 0 1
1698132969.911280 -0.042011 -0.390938 10.495583 0 0 0 1
1698132970.111269 -0.048023 -0.395495 11.011900 0 0 0 1
1698132970.310498 -0.056259 -0.403925 11.514878 0 0 0 1
1698132970.510781 -0.071167 -0.411894 12.023169 0 0 0 1
1698132970.710197 -0.080247 -0.421539 12.544224 0 0 0 1
1698132970.910836 -0.093274 -0.428328 13.048876 0 0 0 1
1698132971.111186 -0.101782 -0.433064 13.555718 0 0 0 1
1698132971.311329 -0.108016 -0.436308 14.065842 0 0 0 1
1698132971.510549 -0.116186 -0.438492 14.576912 0 0 0 1
1698132971.710731 -0.121462 -0.444176 15.082171 0 0 0 1
1698132971.911165 -0.126393 -0.447915 15.595631 0 0 0 1
1698132972.110774 -0.138662 -0.441310 16.124148 0 0 0 1
1698132972.310366 -0.151526 -0.431211 16.644640 0 0 0 1
1698132972.511273 -0.161074 -0.417487 17.159600 0 0 0 1
1698132972.710759 -0.172259 -0.409682 17.663281 0 0 0 1
1698132972.911104 -0.185226 -0.397660 18.179369 0 0 0 1
1698132973.110630 -0.186019 -0.390728 18.728552 0 0 0 1
1698132973.310406 -0.195907 -0.384752 19.259930 0 0 0 1
1698132973.511127 -0.200794 -0.378832 19.835797 0 0 0 1
1698132973.710793 -0.198406 -0.372307 20.408955 0 0 0 1
1698132973.910900 -0.200878 -0.360475 20.992478 0 0 0 1
1698132974.110531 -0.199958 -0.352203 21.580842 0 0 0 1
1698132974.310878 -0.195794 -0.337922 22.171795 0 0 0 1
1698132974.510259 -0.196876 -0.326995 22.747181 0 0 0 1
1698132974.710102 -0.192717 -0.309358 23.336325 0 0 0 1
1698132974.910422 -0.192404 -0.291695 23.907095 0 0 0 1
1698132975.109759 -0.188836 -0.278214 24.491625 0 0 0 1
1698132975.310404 -0.186845 -0.265964 25.071553 0 0 0 1
1698132975.511292 -0.189197 -0.263140 25.645092 0 0 0 1
1698132975.710026 -0.198383 -0.256443 26.211350 0 0 0 1
1698132975.910524 -0.199124 -0.256349 26.799674 0 0 0 1
1698132976.110736 -0.209231 -0.255166 27.367278 0 0 0 1
1698132976.310351 -0.211908 -0.257661 27.947806 0 0 0 1
1698132976.510313 -0.215685 -0.253032 28.534419 0 0 0 1
1698132976.710330 -0.224599 -0.252647 29.097929 0 0 0 1
1698132976.910376 -0.229683 -0.254653 29.664786 0 0 0 1
1698132977.110493 -0.236243 -0.252879 30.208991 0 0 0 1
1698132977.309532 -0.245674 -0.251788 30.740775 0 0 0 1
1698132977.509955 -0.245776 -0.248308 31.186251 0 0 0 1
1698132977.709968 -0.247136 -0.243717 31.514082 0 0 0 1
1698132977.910091 -0.248564 -0.237728 31.685866 0 0 0 1
1698132978.110417 -0.243768 -0.230645 31.765589 0 0 0 1
1698132978.310421 -0.241769 -0.227406 31.773524 0 0 0 1
1698132978.509739 -0.254762 -0.226331 31.739714 0 0 0 1
1698132978.710463 -0.264312 -0.221732 31.700480 0 0 0 1
1698132978.909611 -0.272514 -0.207670 31.682494 0 0 0 1
1698132979.109637 -0.281876 -0.188679 31.671053 0 0 0 1
1698132979.309987 -0.295568 -0.158548 31.667746 0 0 0 1
1698132979.510226 -0.308156 -0.118122 31.676314 0 0 0 1
1698132979.709985 -0.311009 -0.078314 31.682650 0 0 0 1
1698132979.910212 -0.306529 -0.038598 31.708502 0 0 0 1
1698132980.110303 -0.306565 0.002984 31.719157 0 0 0 1
1698132980.310181 -0.306527 0.040463 31.732699 0 0 0 1
1698132980.509515 -0.301109 0.073132 31.737391 0 0 0 1
1698132980.709817 -0.291726 0.103521 31.749236 0 0 0 1
1698132980.910248 -0.282464 0.124421 31.769118 0 0 0 1
1698132981.109427 -0.272738 0.140699 31.760340 0 0 0 1
1698132981.309315 -0.262784 0.142954 31.770056 0 0 0 1
1698132981.509609 -0.251911 0.152390 31.768343 0 0 0 1
1698132981.709631 -0.237177 0.149610 31.776556 0 0 0 1
1698132981.909426 -0.228329 0.148661 31.784731 0 0 0 1
1698132982.109354 -0.220069 0.145352 31.783957 0 0 0 1
1698132982.309607 -0.210451 0.135681 31.792998 0 0 0 1
1698132982.509913 -0.198893 0.126179 31.796282 0 0 0 1
1698132982.709779 -0.186069 0.117821 31.792910 0 0 0 1
1698132982.909448 -0.176497 0.105267 31.802912 0 0 0 1
1698132983.109606 -0.168321 0.097204 31.804022 0 0 0 1
1698132983.309863 -0.164537 0.086341 31.802664 0 0 0 1
1698132983.510202 -0.154008 0.076336 31.800028 0 0 0 1
1698132983.710178 -0.150497 0.062836 31.799990 0 0 0 1
1698132983.909450 -0.151351 0.049096 31.795531 0 0 0 1
1698132984.110069 -0.142415 0.037598 31.795435 0 0 0 1
1698132984.310270 -0.140150 0.024506 31.789835 0 0 0 1
1698132984.509616 -0.137990 0.014375 31.789889 0 0 0 1
1698132984.710305 -0.133134 0.007448 31.792761 0 0 0 1
1698132984.909580 -0.130278 -0.004799 31.786566 0 0 0 1
1698132985.109563 -0.125990 -0.009841 31.777110 0 0 0 1
1698132985.309439 -0.120924 -0.020349 31.789034 0 0 0 1
1698132985.509612 -0.118769 -0.028970 31.776042 0 0 0 1
1698132985.710282 -0.111718 -0.035754 31.778616 0 0 0 1
1698132985.909666 -0.108858 -0.042541 31.772109 0 0 0 1
1698132986.109882 -0.106042 -0.053561 31.763220 0 0 0 1
1698132986.309378 -0.107623 -0.064393 31.751994 0 0 0 1
1698132986.510118 -0.100826 -0.068581 31.754511 0 0 0 1
1698132986.709949 -0.099996 -0.077573 31.751479 0 0 0 1
1698132986.909378 -0.096189 -0.083795 31.747679 0 0 0 1
1698132987.109849 -0.093920 -0.087818 31.726050 0 0 0 1
1698132987.309721 -0.089769 -0.093619 31.718813 0 0 0 1
1698132987.509558 -0.093197 -0.102194 31.718359 0 0 0 1
1698132987.709705 -0.086310 -0.107982 31.722285 0 0 0 1
1698132987.909383 -0.083417 -0.110741 31.708903 0 0 0 1
1698132988.109168 -0.084800 -0.117496 31.695113 0 0 0 1
1698132988.309718 -0.082517 -0.119000 31.698172 0 0 0 1
1698132988.509804 -0.082118 -0.119554 31.699126 0 0 0 1
1698132988.710124 -0.080072 -0.117523 31.689372 0 0 0 1
1698132988.910014 -0.085282 -0.118633 31.693789 0 0 0 1
1698132989.110168 -0.078331 -0.115976 31.698699 0 0 0 1
1698132989.309682 -0.078504 -0.122857 31.700877 0 0 0 1
1698132989.510128 -0.077203 -0.132805 31.696593 0 0 0 1
1698132989.709259 -0.074138 -0.140512 31.705206 0 0 0 1
1698132989.909901 -0.073919 -0.154256 31.703543 0 0 0 1
1698132990.110127 -0.068323 -0.169636 31.706919 0 0 0 1
1698132990.310090 -0.062604 -0.182621 31.701674 0 0 0 1
1698132990.509492 -0.058251 -0.194505 31.714770 0 0 0 1
1698132990.709177 -0.055124 -0.195259 31.711546 0 0 0 1
1698132990.909852 -0.048618 -0.195432 31.717112 0 0 0 1
1698132991.110091 -0.045461 -0.195412 31.723925 0 0 0 1
1698132991.309361 -0.041574 -0.193560 31.727038 0 0 0 1
1698132991.509203 -0.034759 -0.195076 31.735720 0 0 0 1
1698132991.710110 -0.033948 -0.196356 31.722308 0 0 0 1
1698132991.909747 -0.032929 -0.181314 31.729208 0 0 0 1
1698132992.109998 -0.031299 -0.170439 31.739836 0 0 0 1
1698132992.310331 -0.030402 -0.159785 31.738257 0 0 0 1
1698132992.510218 -0.032688 -0.152705 31.740752 0 0 0 1
1698132992.709328 -0.034287 -0.139115 31.729189 0 0 0 1
1698132992.909955 -0.035289 -0.123635 31.739539 0 0 0 1
1698132993.109711 -0.037374 -0.113712 31.739649 0 0 0 1
1698132993.309469 -0.040737 -0.103547 31.734793 0 0 0 1
1698132993.509593 -0.034731 -0.095921 31.751711 0 0 0 1
1698132993.709884 -0.029183 -0.087023 31.758685 0 0 0 1
1698132993.910115 -0.023375 -0.083260 31.768626 0 0 0 1
1698132994.110002 -0.023401 -0.080500 31.767333 0 0 0 1
1698132994.309829 -0.017043 -0.074014 31.775935 0 0 0 1
1698132994.509992 -0.013622 -0.078784 31.782633 0 0 0 1
1698132994.710082 -0.004142 -0.080892 31.780436 0 0 0 1
1698132994.909866 0.002096 -0.085862 31.778559 0 0 0 1
1698132995.109514 0.088338 -0.034615 31.785120 0 0 0 1
1698132995.310257 0.219736 0.018263 31.783228 0 0 0 1
1698132995.509786 0.359811 0.020467 31.785830 0 0 0 1
1698132995.709959 0.484930 -0.017966 31.780707 0 0 0 1
1698132995.909840 0.523779 -0.059358 31.761103 0 0 0 1
1698132996.109874 0.522590 -0.078409 31.766943 0 0 0 1
1698132996.310281 0.513555 -0.088520 31.776331 0 0 0 1
1698132996.510031 0.500208 -0.101447 31.768981 0 0 0 1
1698132996.710270 0.477774 -0.115661 31.797575 0 0 0 1
1698132996.909623 0.451019 -0.125730 31.858107 0 0 0 1
1698132997.109794 0.432792 -0.134217 31.988116 0 0 0 1
1698132997.309435 0.413712 -0.132620 32.201880 0 0 0 1
1698132997.510338 0.396003 -0.134272 32.538870 0 0 0 1
1698132997.709408 0.375367 -0.130805 33.001212 0 0 0 1
1698132997.909381 0.353496 -0.125588 33.582697 0 0 0 1
1698132998.109329 0.323981 -0.126481 34.215651 0 0 0 1
1698132998.309912 0.289407 -0.126028 34.892962 0 0 0 1
1698132998.509756 0.258760 -0.122933 35.584559 0 0 0 1
1698132998.710162 0.222666 -0.120156 36.261385 0 0 0 1
1698132998.909577 0.185796 -0.119273 36.919680 0 0 0 1
1698132999.110059 0.150678 -0.110989 37.543452 0 0 0 1
1698132999.310292 0.115047 -0.108266 38.183753 0 0 0 1
1698132999.509138 0.081249 -0.108292 38.798686 0 0 0 1
1698132999.709946 0.038589 -0.114064 39.414710 0 0 0 1
1698132999.910032 -0.002223 -0.122670 40.023165 0 0 0 1
1698133000.109904 -0.042483 -0.132064 40.626441 0 0 0 1
1698133000.310152 -0.084941 -0.143113 41.247935 0 0 0 1
1698133000.509321 -0.123110 -0.151296 41.855261 0 0 0 1
1698133000.710029 -0.163018 -0.161889 42.472380 0 0 0 1
1698133000.909917 -0.193222 -0.173110 43.084261 0 0 0 1
1698133001.109291 -0.229910 -0.185921 43.708209 0 0 0 1
1698133001.309364 -0.263060 -0.196101 44.321105 0 0 0 1
1698133001.509762 -0.297627 -0.205423 44.931544 0 0 0 1
1698133001.710138 -0.333671 -0.215651 45.537737 0 0 0 1
1698133001.909288 -0.366470 -0.228753 46.143252 0 0 0 1
1698133002.108783 -0.396146 -0.235795 46.742949 0 0 0 1
1698133002.310078 -0.426139 -0.242229 47.362025 0 0 0 1
1698133002.509831 -0.459292 -0.248233 47.963702 0 0 0 1
1698133002.708966 -0.489480 -0.253968 48.570971 0 0 0 1
1698133002.909925 -0.521684 -0.261322 49.153090 0 0 0 1
1698133003.109435 -0.548439 -0.267355 49.758685 0 0 0 1
1698133003.310053 -0.575951 -0.273577 50.354304 0 0 0 1
1698133003.510214 -0.603942 -0.282286 50.962981 0 0 0 1
1698133003.709492 -0.632824 -0.286411 51.558371 0 0 0 1
1698133003.909360 -0.657709 -0.296141 52.163180 0 0 0 1
1698133004.108964 -0.679304 -0.300801 52.760447 0 0 0 1
1698133004.309617 -0.699036 -0.309852 53.363863 0 0 0 1
1698133004.509819 -0.723143 -0.315656 53.966982 0 0 0 1
1698133004.709435 -0.741995 -0.324900 54.573714 0 0 0 1
1698133004.909209 -0.762436 -0.329187 55.167761 0 0 0 1
1698133005.109519 -0.787415 -0.339284 55.781363 0 0 0 1
1698133005.309148 -0.815063 -0.339649 56.371943 0 0 0 1
1698133005.508829 -0.835103 -0.345964 56.975344 0 0 0 1
1698133005.709398 -0.860829 -0.358906 57.580172 0 0 0 1
1698133005.909393 -0.886317 -0.362496 58.174448 0 0 0 1
1698133006.109701 -0.910063 -0.368963 58.778658 0 0 0 1
1698133006.309740 -0.935294 -0.373857 59.377291 0 0 0 1
1698133006.508754 -0.961494 -0.380886 59.984408 0 0 0 1
1698133006.708993 -0.993575 -0.387962 60.576678 0 0 0 1
1698133006.908771 -1.016981 -0.394351 61.176310 0 0 0 1
1698133007.108725 -1.049148 -0.405442 61.777377 0 0 0 1
1698133007.308367 -1.078305 -0.410551 62.375605 0 0 0 1
1698133007.508645 -1.106143 -0.420979 62.977877 0 0 0 1
1698133007.709224 -1.132267 -0.428708 63.580714 0 0 0 1
1698133007.909212 -1.159069 -0.437265 64.181468 0 0 0 1
1698133008.109452 -1.188698 -0.438822 64.766139 0 0 0 1
1698133008.308382 -1.212976 -0.450158 65.377520 0 0 0 1
1698133008.508458 -1.238601 -0.462265 65.973650 0 0 0 1
1698133008.708463 -1.265810 -0.477356 66.585482 0 0 0 1
1698133008.909276 -1.289179 -0.489718 67.175921 0 0 0 1
1698133009.108480 -1.309285 -0.506394 67.770106 0 0 0 1
1698133009.308603 -1.339672 -0.522274 68.376231 0 0 0 1
1698133009.508829 -1.364366 -0.536167 68.978312 0 0 0 1
1698133009.708656 -1.388237 -0.551418 69.580576 0 0 0 1
1698133009.908775 -1.413653 -0.559403 70.183939 0 0 0 1
1698133010.109468 -1.444316 -0.572110 70.780085 0 0 0 1
1698133010.309159 -1.472496 -0.585196 71.379794 0 0 0 1
1698133010.508553 -1.504079 -0.597973 71.984728 0 0 0 1
1698133010.708477 -1.530234 -0.609949 72.586001 0 0 0 1
1698133010.908513 -1.564775 -0.617128 73.173815 0 0 0 1
1698133011.109118 -1.595748 -0.623759 73.771212 0 0 0 1
1698133011.308776 -1.627540 -0.635526 74.369578 0 0 0 1
1698133011.509267 -1.662615 -0.645516 74.969798 0 0 0 1
1698133011.708424 -1.694165 -0.653829 75.567042 0 0 0 1
1698133011.908851 -1.725708 -0.664389 76.167765 0 0 0 1
1698133012.108907 -1.758569 -0.674943 76.768214 0 0 0 1
1698133012.308388 -1.790858 -0.684952 77.370684 0 0 0 1
1698133012.508316 -1.819372 -0.694373 77.977427 0 0 0 1
1698133012.708818 -1.850068 -0.700817 78.565501 0 0 0 1
1698133012.908325 -1.880109 -0.709875 79.175227 0 0 0 1
1698133013.108564 -1.912502 -0.718179 79.772273 0 0 0 1
1698133013.309147 -1.937042 -0.724173 80.376460 0 0 0 1
1698133013.508783 -1.965828 -0.731787 80.974696 0 0 0 1
1698133013.708970 -1.997640 -0.734015 81.574511 0 0 0 1
1698133013.908645 -2.025371 -0.741651 82.174334 0 0 0 1
1698133014.109021 -2.059533 -0.747550 82.775500 0 0 0 1
1698133014.308913 -2.090759 -0.757678 83.376254 0 0 0 1
1698133014.508673 -2.121851 -0.767443 83.977557 0 0 0 1
1698133014.708298 -2.154575 -0.776882 84.576243 0 0 0 1
1698133014.908734 -2.185641 -0.787651 85.164301 0 0 0 1
1698133015.108755 -2.215480 -0.800273 85.758883 0 0 0 1
1698133015.308865 -2.252141 -0.811822 86.364352 0 0 0 1
1698133015.508848 -2.284219 -0.822310 86.968058 0 0 0 1
1698133015.708858 -2.313858 -0.833468 87.565127 0 0 0 1
1698133015.908688 -2.348461 -0.842996 88.156229 0 0 0 1
1698133016.109190 -2.375021 -0.852930 88.762042 0 0 0 1
1698133016.308318 -2.403568 -0.859497 89.341235 0 0 0 1
1698133016.508375 -2.430259 -0.870207 89.831149 0 0 0 1
1698133016.708246 -2.453247 -0.876014 90.217867 0 0 0 1
1698133016.908981 -2.474977 -0.886615 90.478594 0 0 0 1
1698133017.108930 -2.489343 -0.888482 90.618525 0 0 0 1
1698133017.308317 -2.519466 -0.884430 90.676211 0 0 0 1
1698133017.508139 -2.639616 -0.839384 90.672236 0 0 0 1
1698133017.708663 -2.769877 -0.816683 90.686305 0 0 0 1
1698133017.908767 -2.905042 -0.832176 90.683199 0 0 0 1
1698133018.108296 -3.012579 -0.868355 90.679369 0 0 0 1
1698133018.308453 -3.051639 -0.889664 90.681765 0 0 0 1
1698133018.508202 -3.052218 -0.879174 90.678095 0 0 0 1
1698133018.708142 -3.045448 -0.857353 90.695170 0 0 0 1
1698133018.908155 -3.044113 -0.836730 90.685252 0 0 0 1
1698133019.108807 -3.036343 -0.825586 90.656016 0 0 0 1
1698133019.308409 -3.029180 -0.818176 90.614031 0 0 0 1
1698133019.508965 -3.013031 -0.811522 90.568736 0 0 0 1
1698133019.708328 -2.992537 -0.809438 90.531992 0 0 0 1
1698133019.908305 -2.967961 -0.801627 90.486178 0 0 0 1
1698133020.108958 -2.946073 -0.802059 90.447871 0 0 0 1
1698133020.308185 -2.923163 -0.828201 90.433184 0 0 0 1
1698133020.508365 -2.903437 -0.882418 90.413744 0 0 0 1
1698133020.707943 -2.897645 -0.986866 90.399394 0 0 0 1
1698133020.908695 -2.900352 -1.157038 90.387064 0 0 0 1
1698133021.109143 -2.914594 -1.415832 90.380625 0 0 0 1
1698133021.308389 -2.946878 -1.777245 90.360629 0 0 0 1
1698133021.508677 -2.994919 -2.251659 90.349551 0 0 0 1
1698133021.708505 -3.061232 -2.843631 90.336291 0 0 0 1
1698133021.908828 -3.142793 -3.509067 90.267077 0 0 0 1
1698133022.109042 -3.234626 -4.243293 90.258242 0 0 0 1
1698133022.308464 -3.325996 -4.999347 90.274142 0 0 0 1
1698133022.509136 -3.427373 -5.795544 90.273242 0 0 0 1
1698133022.708040 -3.550516 -6.610376 90.164095 0 0 0 1
1698133022.908890 -3.661504 -7.382138 90.068552 0 0 0 1
1698133023.108852 -3.743651 -7.943483 90.070826 0 0 0 1
1698133023.308488 -3.792330 -8.342474 90.123919 0 0 0 1
1698133023.508413 -3.827736 -8.646907 90.179415 0 0 0 1
1698133023.709021 -3.850036 -8.907550 90.197558 0 0 0 1
1698133023.908892 -3.873510 -9.126198 90.193369 0 0 0 1
1698133024.108463 -3.886436 -9.304630 90.206362 0 0 0 1
1698133024.309262 -3.890724 -9.451970 90.226084 0 0 0 1
1698133024.509083 -3.895812 -9.576106 90.220133 0 0 0 1
1698133024.708706 -3.899961 -9.684130 90.221629 0 0 0 1
1698133024.908344 -3.897422 -9.781530 90.218470 0 0 0 1
1698133025.108339 -3.895764 -9.862453 90.221301 0 0 0 1
1698133025.308872 -3.894543 -9.929292 90.221568 0 0 0 1
1698133025.508605 -3.897583 -9.986081 90.212519 0 0 0 1
1698133025.708937 -3.889580 -10.024211 90.217417 0 0 0 1
1698133025.908243 -3.891045 -10.052478 90.218974 0 0 0 1
1698133026.108751 -3.885665 -10.075179 90.213908 0 0 0 1
1698133026.308779 -3.887779 -10.094278 90.215556 0 0 0 1
1698133026.508245 -3.883657 -10.102012 90.212733 0 0 0 1
1698133026.708153 -3.881318 -10.105739 90.217196 0 0 0 1
1698133026.908395 -3.879455 -10.103953 90.215334 0 0 0 1
1698133027.109087 -3.881433 -10.098978 90.197703 0 0 0 1
1698133027.308226 -3.883049 -10.092223 90.181841 0 0 0 1
1698133027.508688 -3.881279 -10.085779 90.189341 0 0 0 1
1698133027.708647 -3.881491 -10.077996 90.189906 0 0 0 1
1698133027.908885 -3.881928 -10.064147 90.184359 0 0 0 1
1698133028.108271 -3.883766 -10.050817 90.181109 0 0 0 1
1698133028.309083 -3.883559 -10.030595 90.190844 0 0 0 1
1698133028.509114 -3.883069 -10.018864 90.184313 0 0 0 1
1698133028.707797 -3.882953 -10.002351 90.177454 0 0 0 1
1698133028.908493 -3.879828 -9.991357 90.178729 0 0 0 1
1698133029.108312 -3.875246 -9.978765 90.183848 0 0 0 1
1698133029.307979 -3.876775 -9.965139 90.186091 0 0 0 1
1698133029.509144 -3.876442 -9.949429 90.188021 0 0 0 1
1698133029.708538 -3.870290 -9.940032 90.200495 0 0 0 1
1698133029.908960 -3.869634 -9.928314 90.196421 0 0 0 1
1698133030.108418 -3.862699 -9.916128 90.199603 0 0 0 1
1698133030.308449 -3.857597 -9.902017 90.200480 0 0 0 1
1698133030.509083 -3.851608 -9.895544 90.206172 0 0 0 1
1698133030.708269 -3.854033 -9.890146 90.202464 0 0 0 1
1698133030.909028 -3.855119 -9.879553 90.209734 0 0 0 1
1698133031.108531 -3.855680 -9.873693 90.212496 0 0 0 1
1698133031.309202 -3.853187 -9.863334 90.212138 0 0 0 1
1698133031.508478 -3.858830 -9.857429 90.216860 0 0 0 1
1698133031.707820 -3.858938 -9.855577 90.228137 0 0 0 1
1698133031.908183 -3.861400 -9.849675 90.217143 0 0 0 1
1698133032.108221 -3.861282 -9.841739 90.240618 0 0 0 1
1698133032.308026 -3.870137 -9.842213 90.233172 0 0 0 1
1698133032.507538 -3.874163 -9.838509 90.232317 0 0 0 1
1698133032.707768 -3.874412 -9.836326 90.241724 0 0 0 1
1698133032.908931 -3.881849 -9.835035 90.241015 0 0 0 1
1698133033.107978 -3.883224 -9.831776 90.235842 0 0 0 1
1698133033.308219 -3.887014 -9.825575 90.232081 0 0 0 1
1698133033.508171 -3.890294 -9.824203 90.234477 0 0 0 1
1698133033.707364 -3.888806 -9.819508 90.236559 0 0 0 1
1698133033.907646 -3.892301 -9.813998 90.229647 0 0 0 1
1698133034.107595 -3.886653 -9.808636 90.229167 0 0 0 1
1698133034.307752 -3.883992 -9.807822 90.236056 0 0 0 1
1698133034.507499 -3.881462 -9.803211 90.231234 0 0 0 1
1698133034.708026 -3.877827 -9.803970 90.225527 0 0 0 1
1698133034.908346 -3.876965 -9.804368 90.231509 0 0 0 1
1698133035.107888 -3.877134 -9.802156 90.216845 0 0 0 1
1698133035.307472 -3.879056 -9.804829 90.212550 0 0 0 1
1698133035.508133 -3.877165 -9.808219 90.218203 0 0 0 1
1698133035.707323 -3.880081 -9.810652 90.219973 0 0 0 1
1698133035.907202 -3.883679 -9.816219 90.219401 0 0 0 1
1698133036.107271 -3.883864 -9.820815 90.209872 0 0 0 1
1698133036.307167 -3.886011 -9.824721 90.214030 0 0 0 1
1698133036.507958 -3.885632 -9.832496 90.216906 0 0 0 1
1698133036.707425 -3.890395 -9.837662 90.212481 0 0 0 1
1698133036.907547 -3.888904 -9.844812 90.215540 0 0 0 1
1698133037.108110 -3.886496 -9.846999 90.218287 0 0 0 1
1698133037.307465 -3.886017 -9.851218 90.213778 0 0 0 1
1698133037.507702 -3.886553 -9.858299 90.213320 0 0 0 1
1698133037.708067 -3.884546 -9.863347 90.201899 0 0 0 1
1698133037.907904 -3.888764 -9.867868 90.200762 0 0 0 1
1698133038.108086 -3.885281 -9.867525 90.205897 0 0 0 1
1698133038.307396 -3.885593 -9.868872 90.205409 0 0 0 1
1698133038.507917 -3.888313 -9.869883 90.208384 0 0 0 1
1698133038.707359 -3.888097 -9.870210 90.206896 0 0 0 1
1698133038.908087 -3.892662 -9.866758 90.203593 0 0 0 1
1698133039.107445 -3.889438 -9.860222 90.214221 0 0 0 1
1698133039.307848 -3.891343 -9.861710 90.207362 0 0 0 1
1698133039.507791 -3.895666 -9.861656 90.206919 0 0 0 1
1698133039.707480 -3.895371 -9.860973 90.217211 0 0 0 1
1698133039.908180 -3.898638 -9.853524 90.204417 0 0 0 1
1698133040.107727 -3.896313 -9.849998 90.211764 0 0 0 1
1698133040.307724 -3.898747 -9.850722 90.215945 0 0 0 1
1698133040.507870 -3.902958 -9.850629 90.212191 0 0 0 1
1698133040.708159 -3.903537 -9.850762 90.213236 0 0 0 1
1698133040.908127 -3.908022 -9.851745 90.213809 0 0 0 1
1698133041.108064 -3.910900 -9.855548 90.220835 0 0 0 1
1698133041.307115 -3.912878 -9.856948 90.219492 0 0 0 1
1698133041.507518 -3.912212 -9.855223 90.218653 0 0 0 1
1698133041.707350 -3.912220 -9.857058 90.216052 0 0 0 1
1698133041.907160 -3.917514 -9.857860 90.221140 0 0 0 1
1698133042.107466 -3.917940 -9.858458 90.220713 0 0 0 1
1698133042.308098 -3.922920 -9.859384 90.211825 0 0 0 1
1698133042.507328 -3.926051 -9.859417 90.211962 0 0 0 1
1698133042.707244 -3.926254 -9.859176 90.216708 0 0 0 1
1698133042.907158 -3.925296 -9.857426 90.207339 0 0 0 1
1698133043.108155 -3.919303 -9.854200 90.206873 0 0 0 1
1698133043.308074 -3.916725 -9.850674 90.207636 0 0 0 1
1698133043.507416 -3.913180 -9.849158 90.211726 0 0 0 1
1698133043.707462 -3.911142 -9.846076 90.209139 0 0 0 1
1698133043.907438 -3.904701 -9.842473 90.203410 0 0 0 1
1698133044.107618 -3.903754 -9.841979 90.201602 0 0 0 1
1698133044.307516 -3.903297 -9.837017 90.197237 0 0 0 1
1698133044.507278 -3.897092 -9.833718 90.196887 0 0 0 1
1698133044.707482 -3.894157 -9.829265 90.201869 0 0 0 1
1698133044.907239 -3.893977 -9.829156 90.192111 0 0 0 1
1698133045.107990 -3.889496 -9.830583 90.200831 0 0 0 1
1698133045.307964 -3.887409 -9.825982 90.202082 0 0 0 1
1698133045.507100 -3.887272 -9.824729 90.206027 0 0 0 1
1698133045.707097 -3.884459 -9.821881 90.209795 0 0 0 1
1698133045.907600 -3.881726 -9.817936 90.200335 0 0 0 1
1698133046.107705 -3.875235 -9.820805 90.203509 0 0 0 1
1698133046.307973 -3.871228 -9.818797 90.207293 0 0 0 1
1698133046.507147 -3.867443 -9.820905 90.209910 0 0 0 1
1698133046.707407 -3.866878 -9.817373 90.201190 0 0 0 1
1698133046.907592 -3.864389 -9.823109 90.214457 0 0 0 1
1698133047.108119 -3.863880 -9.816476 90.215548 0 0 0 1
1698133047.307445 -3.866416 -9.817435 90.211939 0 0 0 1
1698133047.507198 -3.868580 -9.820442 90.210009 0 0 0 1
1698133047.707626 -3.865972 -9.818147 90.208392 0 0 0 1
1698133047.907342 -3.865614 -9.822195 90.203898 0 0 0 1
1698133048.107375 -3.863410 -9.819603 90.210307 0 0 0 1
1698133048.307728 -3.862676 -9.817700 90.212763 0 0 0 1
1698133048.507493 -3.865524 -9.817065 90.207209 0 0 0 1
1698133048.707328 -3.867726 -9.817059 90.201022 0 0 0 1
1698133048.907281 -3.872384 -9.818565 90.208384 0 0 0 1
1698133049.107416 -3.872367 -9.819594 90.206316 0 0 0 1
1698133049.308165 -3.874488 -9.824624 90.196345 0 0 0 1
1698133049.507257 -3.876071 -9.827307 90.207186 0 0 0 1
1698133049.707255 -3.878731 -9.829205 90.204852 0 0 0 1
1698133049.907927 -3.882782 -9.828284 90.199877 0 0 0 1
1698133050.107152 -3.884468 -9.826326 90.205851 0 0 0 1
1698133050.308332 -3.883358 -9.824360 90.201975 0 0 0 1
1698133050.507595 -3.884359 -9.828682 90.195979 0 0 0 1
1698133050.708160 -3.887804 -9.825603 90.193598 0 0 0 1
1698133050.907253 -3.889978 -9.824256 90.194064 0 0 0 1
1698133051.107192 -3.896077 -9.820617 90.186480 0 0 0 1
1698133051.307683 -3.897735 -9.814767 90.174731 0 0 0 1
1698133051.507739 -3.900677 -9.811676 90.177416 0 0 0 1
1698133051.707454 -3.900681 -9.803759 90.184641 0 0 0 1
1698133051.907258 -3.900505 -9.800341 90.185015 0 0 0 1
1698133052.107513 -3.905690 -9.790425 90.180521 0 0 0 1
1698133052.307550 -3.903395 -9.782795 90.177958 0 0 0 1
1698133052.507258 -3.905297 -9.770720 90.181910 0 0 0 1
1698133052.707252 -3.903250 -9.764532 90.179362 0 0 0 1
1698133052.907842 -3.902350 -9.759904 90.176974 0 0 0 1
1698133053.108085 -3.904243 -9.753976 90.167437 0 0 0 1
1698133053.307600 -3.904562 -9.751807 90.171351 0 0 0 1
1698133053.508026 -3.905146 -9.749288 90.177966 0 0 0 1
1698133053.707661 -3.908549 -9.741035 90.166674 0 0 0 1
1698133053.907770 -3.906529 -9.723781 90.157893 0 0 0 1
1698133054.107857 -3.907277 -9.684774 90.147013 0 0 0 1
1698133054.306998 -3.904946 -9.618180 90.131274 0 0 0 1
1698133054.507719 -3.902975 -9.503962 90.115397 0 0 0 1
1698133054.707123 -3.892302 -9.329935 90.101893 0 0 0 1
1698133054.907099 -3.876637 -9.097647 90.100604 0 0 0 1
1698133055.107152 -3.865542 -8.827640 90.098994 0 0 0 1
1698133055.307233 -3.840805 -8.515692 90.103533 0 0 0 1
1698133055.507239 -3.819046 -8.190367 90.117236 0 0 0 1
1698133055.707659 -3.801616 -7.876688 90.112360 0 0 0 1
1698133055.907331 -3.778583 -7.579412 90.099574 0 0 0 1
1698133056.107975 -3.759831 -7.322369 90.099642 0 0 0 1
1698133056.307099 -3.748596 -7.119157 90.107813 0 0 0 1
1698133056.507141 -3.738784 -6.971433 90.096262 0 0 0 1
1698133056.707287 -3.736838 -6.880104 90.085185 0 0 0 1
1698133056.907813 -3.739513 -6.851180 90.101794 0 0 0 1
1698133057.107166 -3.762819 -6.940245 90.151110 0 0 0 1
1698133057.307924 -3.804135 -7.072818 90.020548 0 0 0 1
1698133057.507918 -3.844680 -7.244119 89.955042 0 0 0 1
1698133057.707114 -3.859558 -7.345699 90.054438 0 0 0 1
1698133057.907092 -3.878631 -7.494528 90.124789 0 0 0 1
1698133058.107629 -3.912389 -7.720237 90.134768 0 0 0 1
1698133058.307370 -3.953638 -8.048542 90.136744 0 0 0 1
1698133058.508001 -4.010245 -8.491376 90.138949 0 0 0 1
1698133058.708186 -4.086530 -9.039386 90.132456 0 0 0 1
1698133058.907404 -4.173184 -9.700405 90.122035 0 0 0 1
1698133059.107861 -4.280579 -10.435922 90.071078 0 0 0 1
1698133059.307948 -4.383149 -11.232443 90.063639 0 0 0 1
1698133059.508009 -4.488909 -12.064285 90.099146 0 0 0 1
1698133059.706754 -4.600389 -12.932351 90.103465 0 0 0 1
1698133059.907075 -4.720027 -13.846072 90.104800 0 0 0 1
1698133060.107308 -4.852126 -14.796368 90.117205 0 0 0 1
1698133060.307069 -4.983714 -15.778891 90.128657 0 0 0 1
1698133060.507143 -5.125272 -16.796341 90.142199 0 0 0 1
1698133060.707520 -5.274758 -17.856953 90.141139 0 0 0 1
1698133060.907620 -5.425769 -18.958591 90.140414 0 0 0 1
1698133061.107460 -5.582692 -20.091459 90.135623 0 0 0 1
1698133061.307298 -5.746069 -21.264668 90.134615 0 0 0 1
1698133061.506817 -5.909249 -22.471767 90.134081 0 0 0 1
1698133061.706344 -6.081377 -23.717753 90.125239 0 0 0 1
1698133061.907023 -6.261742 -24.999245 90.133395 0 0 0 1
1698133062.106257 -6.442296 -26.310127 90.137248 0 0 0 1
1698133062.306389 -6.628236 -27.663289 90.131594 0 0 0 1
1698133062.506897 -6.819880 -29.042446 90.131381 0 0 0 1
1698133062.706635 -7.013795 -30.452207 90.119517 0 0 0 1
1698133062.906716 -7.214526 -31.888896 90.112048 0 0 0 1
1698133063.107095 -7.420608 -33.341041 90.114123 0 0 0 1
1698133063.306852 -7.620500 -34.832056 90.128115 0 0 0 1
1698133063.506531 -7.826221 -36.360079 90.118014 0 0 0 1
1698133063.706862 -8.037607 -37.932125 90.100359 0 0 0 1
1698133063.906408 -8.247376 -39.533358 90.101428 0 0 0 1
1698133064.106869 -8.463501 -41.169190 90.107569 0 0 0 1
1698133064.307038 -8.680919 -42.832891 90.109637 0 0 0 1
1698133064.506870 -8.902191 -44.525838 90.111613 0 0 0 1
1698133064.706369 -9.126781 -46.246945 90.101458 0 0 0 1
1698133064.907183 -9.362984 -47.997728 90.111605 0 0 0 1
1698133065.106214 -9.598034 -49.772340 90.115000 0 0 0 1
1698133065.306930 -9.840193 -51.576961 90.121638 0 0 0 1
1698133065.506695 -10.084541 -53.408398 90.126467 0 0 0 1
1698133065.706692 -10.337674 -55.255147 90.119433 0 0 0 1
1698133065.906515 -10.590821 -57.120375 90.114939 0 0 0 1
1698133066.107141 -10.843672 -58.978588 90.106745 0 0 0 1
1698133066.306868 -11.092311 -60.837299 90.117732 0 0 0 1
1698133066.507011 -11.351417 -62.689004 90.116381 0 0 0 1
1698133066.707154 -11.599663 -64.531872 90.123324 0 0 0 1
1698133066.906312 -11.849605 -66.366966 90.106715 0 0 0 1
1698133067.107171 -12.093284 -68.188845 90.111788 0 0 0 1
1698133067.306547 -12.341846 -70.010127 90.100581 0 0 0 1
1698133067.506899 -12.590191 -71.822802 90.094164 0 0 0 1
1698133067.706836 -12.837071 -73.631601 90.107256 0 0 0 1
1698133067.906817 -13.083587 -75.438189 90.102496 0 0 0 1
1698133068.106844 -13.332442 -77.241766 90.091052 0 0 0 1
1698133068.306413 -13.581383 -79.048123 90.085482 0 0 0 1
1698133068.507082 -13.832969 -80.840281 90.082057 0 0 0 1
1698133068.706229 -14.075569 -82.628676 90.091792 0 0 0 1
1698133068.907178 -14.320954 -84.408233 90.081957 0 0 0 1
1698133069.106857 -14.568767 -86.191148 90.090319 0 0 0 1
1698133069.306564 -14.812845 -87.968772 90.084734 0 0 0 1
1698133069.506337 -15.057331 -89.749080 90.085185 0 0 0 1
1698133069.706674 -15.306178 -91.526870 90.078982 0 0 0 1
1698133069.906770 -15.546137 -93.304513 90.077082 0 0 0 1
1698133070.106941 -15.789244 -95.080010 90.072955 0 0 0 1
1698133070.306708 -16.030478 -96.857368 90.076457 0 0 0 1
1698133070.506819 -16.273485 -98.633440 90.069727 0 0 0 1
1698133070.706243 -16.518095 -100.410211 90.069293 0 0 0 1
1698133070.906466 -16.759480 -102.186978 90.076701 0 0 0 1
1698133071.106126 -17.002567 -103.963672 90.079928 0 0 0 1
1698133071.306736 -17.243927 -105.738618 90.085070 0 0 0 1
1698133071.506404 -17.487774 -107.516118 90.077364 0 0 0 1
1698133071.706250 -17.734530 -109.297914 90.089633 0 0 0 1
1698133071.906198 -17.977516 -111.077508 90.087771 0 0 0 1
1698133072.106650 -18.221559 -112.860528 90.095194 0 0 0 1
1698133072.307011 -18.467138 -114.641919 90.092440 0 0 0 1
1698133072.506249 -18.712836 -116.418761 90.095446 0 0 0 1
1698133072.706245 -18.957802 -118.199022 90.098376 0 0 0 1
1698133072.906429 -19.199733 -119.986185 90.095438 0 0 0 1
1698133073.106134 -19.447465 -121.777998 90.091921 0 0 0 1
1698133073.306084 -19.692926 -123.553746 90.069529 0 0 0 1
1698133073.506242 -19.934709 -125.301965 90.061755 0 0 0 1
1698133073.706003 -20.167143 -126.996905 90.048296 0 0 0 1
1698133073.906385 -20.389156 -128.620159 90.040904 0 0 0 1
1698133074.106523 -20.602970 -130.164736 90.024256 0 0 0 1
1698133074.306848 -20.819646 -131.627759 90.040560 0 0 0 1
1698133074.506739 -21.073054 -133.045926 90.054347 0 0 0 1
1698133074.707020 -21.372435 -134.464113 90.046679 0 0 0 1
1698133074.906886 -21.756437 -135.899884 90.037707 0 0 0 1
1698133075.106383 -22.240708 -137.357155 90.025820 0 0 0 1
1698133075.306557 -22.833904 -138.839881 90.005183 0 0 0 1
1698133075.507015 -23.551197 -140.323234 89.986826 0 0 0 1
1698133075.706833 -24.378366 -141.773700 89.978198 0 0 0 1
1698133075.905931 -25.307549 -143.168491 89.970141 0 0 0 1
1698133076.106567 -26.337805 -144.503136 89.975184 0 0 0 1
1698133076.306252 -27.471338 -145.758368 89.970034 0 0 0 1
1698133076.506505 -28.710333 -146.947273 89.964999 0 0 0 1
1698133076.706766 -30.045648 -148.059152 89.951647 0 0 0 1
1698133076.906049 -31.475949 -149.075021 89.942393 0 0 0 1
1698133077.106741 -32.978065 -149.992057 89.933787 0 0 0 1
1698133077.306908 -34.546453 -150.798479 89.930460 0 0 0 1
1698133077.506827 -36.169222 -151.493311 89.929698 0 0 0 1
1698133077.706690 -37.840363 -152.074180 89.936526 0 0 0 1
1698133077.905960 -39.544838 -152.543829 89.935648 0 0 0 1
1698133078.105925 -41.284122 -152.897972 89.934100 0 0 0 1
1698133078.306710 -43.056328 -153.129977 89.940547 0 0 0 1
1698133078.506370 -44.835410 -153.265716 89.940951 0 0 0 1
1698133078.706635 -46.600604 -153.301816 89.942851 0 0 0 1
1698133078.907116 -48.329354 -153.271906 89.954188 0 0 0 1
1698133079.106056 -49.983021 -153.196629 89.960192 0 0 0 1
1698133079.307012 -51.580055 -153.101579 89.988200 0 0 0 1
1698133079.506849 -53.125850 -152.995163 90.031947 0 0 0 1
1698133079.706993 -54.680195 -152.886138 90.049922 0 0 0 1
1698133079.906420 -56.260655 -152.779832 90.048342 0 0 0 1
1698133080.107012 -57.891256 -152.676490 90.054873 0 0 0 1
1698133080.306577 -59.574610 -152.578445 90.048937 0 0 0 1
1698133080.506703 -61.313049 -152.482061 90.037295 0 0 0 1
1698133080.707099 -63.097539 -152.392239 90.031657 0 0 0 1
1698133080.906502 -64.900528 -152.311396 90.024760 0 0 0 1
1698133081.106702 -66.720846 -152.237307 90.031138 0 0 0 1
1698133081.306777 -68.545190 -152.168960 90.030680 0 0 0 1
1698133081.506265 -70.377550 -152.116289 90.035594 0 0 0 1
1698133081.706649 -72.215701 -152.073991 90.030970 0 0 0 1
1698133081.906402 -74.050149 -152.038131 90.031977 0 0 0 1
1698133082.106875 -75.888733 -152.014029 90.024302 0 0 0 1
1698133082.306093 -77.723884 -151.993075 90.022807 0 0 0 1
1698133082.506328 -79.561070 -151.981186 90.013453 0 0 0 1
1698133082.706596 -81.394742 -151.974021 90.005351 0 0 0 1
1698133082.906212 -83.233361 -151.972726 90.010073 0 0 0 1
1698133083.106332 -85.069855 -151.979843 89.990199 0 0 0 1
1698133083.306790 -86.905120 -151.984910 89.973353 0 0 0 1
1698133083.506496 -88.723748 -151.993260 89.988398 0 0 0 1
1698133083.706378 -90.535325 -152.006937 89.990244 0 0 0 1
1698133083.907025 -92.339043 -152.017492 89.987261 0 0 0 1
1698133084.106449 -94.145487 -152.032068 89.983805 0 0 0 1
1698133084.306324 -95.946759 -152.044884 89.984126 0 0 0 1
1698133084.507001 -97.746722 -152.062515 89.994265 0 0 0 1
1698133084.706577 -99.545007 -152.071558 89.991457 0 0 0 1
1698133084.906045 -101.340224 -152.086195 89.994395 0 0 0 1
1698133085.106900 -103.135387 -152.104104 89.999720 0 0 0 1
1698133085.306239 -104.932889 -152.112565 90.007685 0 0 0 1
1698133085.506067 -106.722588 -152.124519 90.010958 0 0 0 1
1698133085.706567 -108.513765 -152.135298 90.006518 0 0 0 1
1698133085.907058 -110.292963 -152.143489 89.988253 0 0 0 1
1698133086.106199 -112.037159 -152.157090 89.998713 0 0 0 1
1698133086.305925 -113.751192 -152.190189 90.044863 0 0 0 1
1698133086.506384 -115.468933 -152.258388 90.083682 0 0 0 1
1698133086.706472 -117.206244 -152.371469 90.097842 0 0 0 1
1698133086.906024 -118.971911 -152.532303 90.073534 0 0 0 1
1698133087.106674 -120.751764 -152.763054 90.067729 0 0 0 1
1698133087.306200 -122.524013 -153.058464 90.078944 0 0 0 1
1698133087.506851 -124.282257 -153.417388 90.084841 0 0 0 1
1698133087.706897 -126.037828 -153.836661 90.097773 0 0 0 1
1698133087.906132 -127.787859 -154.316880 90.093165 0 0 0 1
1698133088.106004 -129.529305 -154.855502 90.092005 0 0 0 1
1698133088.306346 -131.256088 -155.441728 90.081095 0 0 0 1
1698133088.506635 -132.960864 -156.087810 90.091349 0 0 0 1
1698133088.706525 -134.640926 -156.786306 90.089877 0 0 0 1
1698133088.906669 -136.293164 -157.530791 90.081690 0 0 0 1
1698133089.106412 -137.918712 -158.321854 90.090571 0 0 0 1
1698133089.306209 -139.525562 -159.159368 90.097544 0 0 0 1
1698133089.506394 -141.106008 -160.045582 90.103495 0 0 0 1
1698133089.706184 -142.662529 -160.985032 90.102404 0 0 0 1
1698133089.906182 -144.190494 -161.971114 90.100596 0 0 0 1
1698133090.106949 -145.683880 -163.010714 90.105006 0 0 0 1
1698133090.306036 -147.145402 -164.108728 90.110178 0 0 0 1
1698133090.506229 -148.562183 -165.257172 90.104273 0 0 0 1
1698133090.705863 -149.946237 -166.466806 90.116503 0 0 0 1
1698133090.905785 -151.280760 -167.707761 90.102671 0 0 0 1
1698133091.105818 -152.592345 -168.976899 90.078082 0 0 0 1
1698133091.305402 -153.858204 -170.257091 90.044222 0 0 0 1
1698133091.505853 -155.075126 -171.523233 90.051753 0 0 0 1
1698133091.705944 -156.258125 -172.780265 90.090388 0 0 0 1
1698133091.905538 -157.441928 -174.042559 90.099635 0 0 0 1
1698133092.106060 -158.648753 -175.323813 90.090266 0 0 0 1
1698133092.306145 -159.877446 -176.624908 90.070338 0 0 0 1
1698133092.505866 -161.111644 -177.929169 90.032656 0 0 0 1
1698133092.705230 -162.331130 -179.215414 90.021197 0 0 0 1
1698133092.905869 -163.523187 -180.473693 90.014307 0 0 0 1
1698133093.105997 -164.683618 -181.682374 89.988078 0 0 0 1
1698133093.305892 -165.793076 -182.833126 89.969485 0 0 0 1
1698133093.505703 -166.838756 -183.911197 89.974017 0 0 0 1
1698133093.706187 -167.821804 -184.912023 89.977374 0 0 0 1
1698133093.905952 -168.741326 -185.848032 89.974436 0 0 0 1
1698133094.105196 -169.607040 -186.723753 89.970767 0 0 0 1
1698133094.305919 -170.412663 -187.526579 89.986018 0 0 0 1
1698133094.506216 -171.197069 -188.292490 90.034983 0 0 0 1
1698133094.706073 -171.989022 -189.061370 90.067156 0 0 0 1
1698133094.905735 -172.805158 -189.851215 90.075953 0 0 0 1
1698133095.106238 -173.622388 -190.678098 90.065760 0 0 0 1
1698133095.305874 -174.404849 -191.544775 90.053767 0 0 0 1
1698133095.505042 -175.104655 -192.446176 90.065493 0 0 0 1
1698133095.705451 -175.710201 -193.372098 90.055979 0 0 0 1
1698133095.906052 -176.182776 -194.312351 90.043635 0 0 0 1
1698133096.105974 -176.504013 -195.232112 90.049235 0 0 0 1
1698133096.305300 -176.671207 -196.107277 90.065821 0 0 0 1
1698133096.506050 -176.682707 -196.940468 90.105097 0 0 0 1
1698133096.705204 -176.548924 -197.736941 90.155116 0 0 0 1
1698133096.905507 -176.278489 -198.523758 90.182818 0 0 0 1
1698133097.105883 -175.875896 -199.292799 90.188303 0 0 0 1
1698133097.305936 -175.356322 -200.039025 90.183314 0 0 0 1
1698133097.504998 -174.721015 -200.718545 90.169787 0 0 0 1
1698133097.705562 -173.985778 -201.293870 90.169138 0 0 0 1
1698133097.904938 -173.173795 -201.770892 90.190569 0 0 0 1
1698133098.105552 -172.303964 -202.139268 90.212977 0 0 0 1
1698133098.305402 -171.372357 -202.404267 90.225596 0 0 0 1
1698133098.506057 -170.378432 -202.571918 90.231097 0 0 0 1
1698133098.705224 -169.320848 -202.643451 90.211405 0 0 0 1
1698133098.905297 -168.218890 -202.638137 90.167559 0 0 0 1
1698133099.106050 -167.076396 -202.565934 90.166819 0 0 0 1
1698133099.305950 -165.916236 -202.451326 90.188670 0 0 0 1
1698133099.504923 -164.730701 -202.299639 90.179179 0 0 0 1
1698133099.705899 -163.525125 -202.141517 90.177592 0 0 0 1
1698133099.905754 -162.282721 -201.985612 90.184252 0 0 0 1
1698133100.105531 -161.015038 -201.842340 90.166430 0 0 0 1
1698133100.305410 -159.736907 -201.705006 90.146365 0 0 0 1
1698133100.505354 -158.460577 -201.577997 90.165034 0 0 0 1
1698133100.705938 -157.183524 -201.463182 90.193408 0 0 0 1
1698133100.905548 -155.886417 -201.358318 90.186503 0 0 0 1
1698133101.105090 -154.560782 -201.269201 90.197314 0 0 0 1
1698133101.305167 -153.175795 -201.182974 90.190203 0 0 0 1
1698133101.505293 -151.735619 -201.108374 90.178736 0 0 0 1
1698133101.705422 -150.246565 -201.044253 90.163973 0 0 0 1
1698133101.905211 -148.717588 -200.971540 90.160304 0 0 0 1
1698133102.105809 -147.169780 -200.904368 90.181223 0 0 0 1
1698133102.305122 -145.592797 -200.832326 90.184008 0 0 0 1
1698133102.505085 -143.994300 -200.766002 90.187289 0 0 0 1
1698133102.705438 -142.375185 -200.700911 90.186854 0 0 0 1
1698133102.905278 -140.748411 -200.628463 90.158900 0 0 0 1
1698133103.105536 -139.094557 -200.557806 90.175150 0 0 0 1
1698133103.305635 -137.418819 -200.491754 90.177889 0 0 0 1
1698133103.505571 -135.716559 -200.427374 90.164904 0 0 0 1
1698133103.705660 -133.976786 -200.360371 90.159083 0 0 0 1
1698133103.905150 -132.218797 -200.295960 90.152506 0 0 0 1
1698133104.105486 -130.436366 -200.228102 90.157679 0 0 0 1
1698133104.304835 -128.631637 -200.153735 90.165469 0 0 0 1
1698133104.505410 -126.807529 -200.078991 90.158877 0 0 0 1
1698133104.704954 -124.968405 -200.002088 90.161021 0 0 0 1
1698133104.905270 -123.115424 -199.919967 90.158663 0 0 0 1
1698133105.105974 -121.258381 -199.836614 90.171084 0 0 0 1
1698133105.305497 -119.402123 -199.751425 90.178011 0 0 0 1
1698133105.505986 -117.552981 -199.666584 90.179018 0 0 0 1
1698133105.705028 -115.701152 -199.577745 90.174693 0 0 0 1
1698133105.905850 -113.857289 -199.495165 90.182009 0 0 0 1
1698133106.105014 -112.023442 -199.411998 90.178317 0 0 0 1
1698133106.305797 -110.187285 -199.331063 90.170969 0 0 0 1
1698133106.505474 -108.359411 -199.244871 90.174326 0 0 0 1
1698133106.705764 -106.538499 -199.161672 90.168978 0 0 0 1
1698133106.905193 -104.725625 -199.075424 90.182902 0 0 0 1
1698133107.105881 -102.912264 -198.993352 90.184054 0 0 0 1
1698133107.305651 -101.104904 -198.909684 90.185236 0 0 0 1
1698133107.505201 -99.298991 -198.823243 90.174212 0 0 0 1
1698133107.705894 -97.494485 -198.741410 90.177889 0 0 0 1
1698133107.905977 -95.689702 -198.656874 90.184603 0 0 0 1
1698133108.105048 -93.884381 -198.578299 90.177393 0 0 0 1
1698133108.305825 -92.077042 -198.493490 90.176493 0 0 0 1
1698133108.505212 -90.272786 -198.415782 90.183970 0 0 0 1
1698133108.705592 -88.476575 -198.336271 90.187350 0 0 0 1
1698133108.904945 -86.681903 -198.252549 90.190279 0 0 0 1
1698133109.104931 -84.883615 -198.174312 90.191790 0 0 0 1
1698133109.305607 -83.084127 -198.095974 90.193797 0 0 0 1
1698133109.505762 -81.289975 -198.018518 90.196604 0 0 0 1
1698133109.705014 -79.495657 -197.940586 90.207751 0 0 0 1
1698133109.905065 -77.702238 -197.857907 90.207530 0 0 0 1
1698133110.106046 -75.904233 -197.781498 90.218661 0 0 0 1
1698133110.305016 -74.107926 -197.696354 90.221468 0 0 0 1
1698133110.505939 -72.314341 -197.613925 90.226870 0 0 0 1
1698133110.705579 -70.518109 -197.527541 90.227473 0 0 0 1
1698133110.905364 -68.721435 -197.437232 90.211787 0 0 0 1
1698133111.105327 -66.922996 -197.349778 90.197291 0 0 0 1
1698133111.305536 -65.124088 -197.268986 90.199694 0 0 0 1
1698133111.505754 -63.325501 -197.188923 90.205355 0 0 0 1
1698133111.706128 -61.528105 -197.102413 90.196330 0 0 0 1
1698133111.905154 -59.728627 -197.018348 90.193079 0 0 0 1
1698133112.105375 -57.949000 -196.938431 90.183665 0 0 0 1
1698133112.305055 -56.184936 -196.855718 90.177966 0 0 0 1
1698133112.505616 -54.471003 -196.773637 90.173396 0 0 0 1
1698133112.705896 -52.822105 -196.692683 90.187106 0 0 0 1
1698133112.905735 -51.235689 -196.617136 90.188853 0 0 0 1
1698133113.105659 -49.686212 -196.583883 90.215281 0 0 0 1
1698133113.305069 -48.155779 -196.601052 90.175189 0 0 0 1
1698133113.505684 -46.606064 -196.708953 90.130045 0 0 0 1
1698133113.705496 -45.056649 -196.927602 90.089297 0 0 0 1
1698133113.905016 -43.521277 -197.266041 90.064547 0 0 0 1
1698133114.106026 -42.036116 -197.709830 90.069865 0 0 0 1
1698133114.304487 -40.637061 -198.240645 90.080500 0 0 0 1
1698133114.505294 -39.331662 -198.867192 90.100802 0 0 0 1
1698133114.705676 -38.126118 -199.584862 90.106791 0 0 0 1
1698133114.905284 -37.014389 -200.394086 90.146349 0 0 0 1
1698133115.105683 -36.011274 -201.305006 90.162768 0 0 0 1
1698133115.304992 -35.086101 -202.320477 90.155047 0 0 0 1
1698133115.505922 -34.245832 -203.441292 90.129282 0 0 0 1
1698133115.705222 -33.513725 -204.668005 90.106593 0 0 0 1
1698133115.905388 -32.900724 -205.954171 90.101954 0 0 0 1
1698133116.104836 -32.407836 -207.287230 90.107958 0 0 0 1
1698133116.306053 -32.020745 -208.672359 90.121562 0 0 0 1
1698133116.505190 -31.735573 -210.108760 90.111460 0 0 0 1
1698133116.705619 -31.554397 -211.603591 90.094058 0 0 0 1
1698133116.905084 -31.476142 -213.155588 90.085566 0 0 0 1
1698133117.105861 -31.495362 -214.748808 90.062769 0 0 0 1
1698133117.305596 -31.596117 -216.364176 90.059016 0 0 0 1
1698133117.505702 -31.767782 -217.987754 90.078906 0 0 0 1
1698133117.704274 -31.992315 -219.629560 90.078181 0 0 0 1
1698133117.905911 -32.243584 -221.268895 90.052691 0 0 0 1
1698133118.105438 -32.514264 -222.898958 90.028674 0 0 0 1
1698133118.304969 -32.797212 -224.491606 90.000597 0 0 0 1
1698133118.504121 -33.085756 -226.033395 90.008578 0 0 0 1
1698133118.704586 -33.401058 -227.552157 90.014636 0 0 0 1
1698133118.904466 -33.756720 -229.068619 89.997431 0 0 0 1
1698133119.105044 -34.176862 -230.604567 89.974383 0 0 0 1
1698133119.304975 -34.677059 -232.158693 89.959223 0 0 0 1
1698133119.504747 -35.277259 -233.736695 89.936121 0 0 0 1
1698133119.704089 -35.986596 -235.312672 89.901347 0 0 0 1
1698133119.904935 -36.804533 -236.859188 89.880007 0 0 0 1
1698133120.104324 -37.717605 -238.343333 89.888613 0 0 0 1
1698133120.304438 -38.724989 -239.749848 89.884737 0 0 0 1
1698133120.505728 -39.825490 -241.075684 89.881503 0 0 0 1
1698133120.704158 -41.017824 -242.322934 89.874300 0 0 0 1
1698133120.904616 -42.315340 -243.491029 89.873362 0 0 0 1
1698133121.104095 -43.696961 -244.575440 89.862635 0 0 0 1
1698133121.304780 -45.159194 -245.556477 89.848483 0 0 0 1
1698133121.504785 -46.688837 -246.427177 89.856379 0 0 0 1
1698133121.704363 -48.272272 -247.181489 89.847247 0 0 0 1
1698133121.904047 -49.902843 -247.816241 89.861346 0 0 0 1
1698133122.104519 -51.574795 -248.338691 89.870310 0 0 0 1
1698133122.305090 -53.296108 -248.745304 89.879626 0 0 0 1
1698133122.504811 -55.061890 -249.039353 89.888354 0 0 0 1
1698133122.704758 -56.842562 -249.223080 89.880450 0 0 0 1
1698133122.904979 -58.620867 -249.307254 89.896769 0 0 0 1
1698133123.104519 -60.370010 -249.318519 89.915652 0 0 0 1
1698133123.304189 -62.065215 -249.277845 89.919718 0 0 0 1
1698133123.504640 -63.687719 -249.205633 89.933520 0 0 0 1
1698133123.704064 -65.246696 -249.118161 89.983492 0 0 0 1
1698133123.904079 -66.806319 -249.025208 90.008280 0 0 0 1
1698133124.103904 -68.382610 -248.929058 90.015269 0 0 0 1
1698133124.304179 -69.998523 -248.836558 90.021883 0 0 0 1
1698133124.504421 -71.666780 -248.750484 90.035197 0 0 0 1
1698133124.704254 -73.394620 -248.670394 90.022219 0 0 0 1
1698133124.904441 -75.161007 -248.595287 90.004984 0 0 0 1
1698133125.104809 -76.960025 -248.531051 90.010355 0 0 0 1
1698133125.304586 -78.772409 -248.471364 90.014658 0 0 0 1
1698133125.504864 -80.591408 -248.418646 90.020304 0 0 0 1
1698133125.704412 -82.418287 -248.375360 90.025118 0 0 0 1
1698133125.904431 -84.251992 -248.338349 90.020609 0 0 0 1
1698133126.104592 -86.081851 -248.315693 90.021952 0 0 0 1
1698133126.304214 -87.915929 -248.292725 90.015467 0 0 0 1
1698133126.504304 -89.750693 -248.284050 90.010584 0 0 0 1
1698133126.704087 -91.583772 -248.278650 90.007868 0 0 0 1
1698133126.904308 -93.422852 -248.271045 89.988230 0 0 0 1
1698133127.104810 -95.249803 -248.276004 89.988383 0 0 0 1
1698133127.303875 -97.072187 -248.284246 89.985484 0 0 0 1
1698133127.504437 -98.896667 -248.295366 89.987559 0 0 0 1
1698133127.704083 -100.717741 -248.312341 89.987353 0 0 0 1
1698133127.904831 -102.537235 -248.330967 89.991152 0 0 0 1
1698133128.104215 -104.354471 -248.353065 89.990527 0 0 0 1
1698133128.304252 -106.173235 -248.375518 89.992030 0 0 0 1
1698133128.504726 -107.982490 -248.395916 89.987414 0 0 0 1
1698133128.704039 -109.788155 -248.416449 89.996722 0 0 0 1
1698133128.904908 -111.589703 -248.442424 90.003985 0 0 0 1
1698133129.104308 -113.393506 -248.462159 89.999339 0 0 0 1
1698133129.304064 -115.194022 -248.485687 90.004748 0 0 0 1
1698133129.504682 -116.992670 -248.506129 89.999590 0 0 0 1
1698133129.704177 -118.794138 -248.523798 90.001307 0 0 0 1
1698133129.904196 -120.592839 -248.543684 89.999423 0 0 0 1
1698133130.104120 -122.392824 -248.561050 89.994112 0 0 0 1
1698133130.304569 -124.190648 -248.581399 89.996180 0 0 0 1
1698133130.504257 -125.992976 -248.601353 89.997958 0 0 0 1
1698133130.704355 -127.792997 -248.618545 89.996264 0 0 0 1
1698133130.904407 -129.591020 -248.638169 90.006228 0 0 0 1
1698133131.104000 -131.384659 -248.659639 90.004778 0 0 0 1
1698133131.303970 -133.184018 -248.680188 90.002978 0 0 0 1
1698133131.504298 -134.975778 -248.703683 90.006014 0 0 0 1
1698133131.705055 -136.770147 -248.725508 90.011225 0 0 0 1
1698133131.904011 -138.567657 -248.748594 90.011973 0 0 0 1
1698133132.104442 -140.360401 -248.771485 90.007815 0 0 0 1
1698133132.304529 -142.154230 -248.791642 90.000407 0 0 0 1
1698133132.503944 -143.950073 -248.818663 90.006068 0 0 0 1
1698133132.704341 -145.743982 -248.845364 90.015963 0 0 0 1
1698133132.903920 -147.545730 -248.868658 90.021204 0 0 0 1
1698133133.104379 -149.353776 -248.888400 90.007586 0 0 0 1
1698133133.304579 -151.157989 -248.912650 90.002055 0 0 0 1
1698133133.503867 -152.958336 -248.931699 90.003291 0 0 0 1
1698133133.704380 -154.753389 -248.951559 90.004771 0 0 0 1
1698133133.904130 -156.551981 -248.973936 90.000666 0 0 0 1
1698133134.104950 -158.347718 -248.992164 89.997141 0 0 0 1
1698133134.304417 -160.141347 -249.015484 90.002253 0 0 0 1
1698133134.504565 -161.939111 -249.037200 89.993411 0 0 0 1
1698133134.704983 -163.733838 -249.059213 89.999102 0 0 0 1
1698133134.904792 -165.532681 -249.076429 89.993441 0 0 0 1
1698133135.104785 -167.327345 -249.097819 90.001620 0 0 0 1
1698133135.303978 -169.125838 -249.120504 90.004260 0 0 0 1
1698133135.504182 -170.924496 -249.137824 90.007212 0 0 0 1
1698133135.704509 -172.725204 -249.161363 90.017527 0 0 0 1
1698133135.905035 -174.523074 -249.184134 90.023837 0 0 0 1
1698133136.104707 -176.321541 -249.211085 90.026026 0 0 0 1
1698133136.304185 -178.115617 -249.232197 90.023478 0 0 0 1
1698133136.504114 -179.893927 -249.257360 90.011225 0 0 0 1
1698133136.704851 -181.626088 -249.278592 90.001673 0 0 0 1
1698133136.904239 -183.304895 -249.295692 89.992884 0 0 0 1
1698133137.104578 -184.895731 -249.323686 90.020922 0 0 0 1
1698133137.304325 -186.428765 -249.376104 90.068247 0 0 0 1
1698133137.504399 -187.958394 -249.466172 90.120837 0 0 0 1
1698133137.704281 -189.505331 -249.605957 90.147738 0 0 0 1
1698133137.904691 -191.096393 -249.822000 90.169795 0 0 0 1
1698133138.105075 -192.730608 -250.122489 90.176371 0 0 0 1
1698133138.304701 -194.399704 -250.520198 90.162127 0 0 0 1
1698133138.503803 -196.081924 -251.021224 90.162722 0 0 0 1
1698133138.704200 -197.758426 -251.625591 90.166384 0 0 0 1
1698133138.904170 -199.413838 -252.324652 90.171061 0 0 0 1
1698133139.104222 -201.034100 -253.113190 90.168726 0 0 0 1
1698133139.303938 -202.631950 -253.995634 90.171343 0 0 0 1
1698133139.504326 -204.183061 -254.966919 90.171023 0 0 0 1
1698133139.704805 -205.689457 -256.020492 90.169268 0 0 0 1
1698133139.904716 -207.141198 -257.155878 90.171854 0 0 0 1
1698133140.104156 -208.540235 -258.371553 90.177836 0 0 0 1
1698133140.304225 -209.874094 -259.663401 90.182574 0 0 0 1
1698133140.504674 -211.138180 -261.027993 90.178317 0 0 0 1
1698133140.704328 -212.330080 -262.469673 90.177706 0 0 0 1
1698133140.904778 -213.435608 -263.978376 90.173762 0 0 0 1
1698133141.104106 -214.451566 -265.552430 90.190768 0 0 0 1
1698133141.304002 -215.377585 -267.172140 90.187769 0 0 0 1
1698133141.504099 -216.220828 -268.829726 90.154780 0 0 0 1
1698133141.704704 -216.980803 -270.500205 90.127818 0 0 0 1
1698133141.903811 -217.655482 -272.152440 90.109187 0 0 0 1
1698133142.104708 -218.264930 -273.750147 90.095957 0 0 0 1
1698133142.304700 -218.809032 -275.276298 90.114115 0 0 0 1
1698133142.504441 -219.313321 -276.760267 90.141291 0 0 0 1
1698133142.704058 -219.822318 -278.238178 90.164248 0 0 0 1
1698133142.903276 -220.342307 -279.747359 90.160418 0 0 0 1
1698133143.104683 -220.896184 -281.302081 90.150927 0 0 0 1
1698133143.304035 -221.474925 -282.899849 90.138789 0 0 0 1
1698133143.504591 -222.073664 -284.534611 90.123858 0 0 0 1
1698133143.704014 -222.687462 -286.196738 90.119998 0 0 0 1
1698133143.903991 -223.310308 -287.871818 90.134089 0 0 0 1
1698133144.104472 -223.927569 -289.556093 90.129832 0 0 0 1
1698133144.304879 -224.508499 -291.238458 90.125262 0 0 0 1
1698133144.503809 -225.015878 -292.907397 90.123118 0 0 0 1
1698133144.704256 -225.428428 -294.541315 90.122401 0 0 0 1
1698133144.903905 -225.721206 -296.120371 90.110941 0 0 0 1
1698133145.103322 -225.886587 -297.629432 90.099902 0 0 0 1
1698133145.304010 -225.921248 -299.045250 90.096438 0 0 0 1
1698133145.503573 -225.824709 -300.358049 90.106455 0 0 0 1
1698133145.703867 -225.609442 -301.563285 90.114001 0 0 0 1
1698133145.904164 -225.278876 -302.658641 90.135775 0 0 0 1
1698133146.103351 -224.820349 -303.655117 90.176524 0 0 0 1
1698133146.303654 -224.247362 -304.577779 90.190218 0 0 0 1
1698133146.503753 -223.565499 -305.443033 90.188082 0 0 0 1
1698133146.703429 -222.771765 -306.236312 90.179499 0 0 0 1
1698133146.903693 -221.872550 -306.922276 90.185305 0 0 0 1
1698133147.102968 -220.880401 -307.487347 90.194438 0 0 0 1
1698133147.303854 -219.804262 -307.925996 90.208048 0 0 0 1
1698133147.504025 -218.645093 -308.245519 90.202448 0 0 0 1
1698133147.703123 -217.426941 -308.479060 90.169909 0 0 0 1
1698133147.903620 -216.173900 -308.622525 90.114130 0 0 0 1
1698133148.103837 -214.911219 -308.664160 90.147112 0 0 0 1
1698133148.303920 -213.642558 -308.630115 90.178492 0 0 0 1
1698133148.503476 -212.362974 -308.542463 90.153712 0 0 0 1
1698133148.704042 -211.057600 -308.412482 90.131762 0 0 0 1
1698133148.903926 -209.728051 -308.248616 90.125498 0 0 0 1
1698133149.102992 -208.381079 -308.067219 90.118960 0 0 0 1
1698133149.303358 -207.013172 -307.878809 90.106097 0 0 0 1
1698133149.503646 -205.616172 -307.685776 90.098567 0 0 0 1
1698133149.703173 -204.193684 -307.494818 90.098971 0 0 0 1
1698133149.903323 -202.740311 -307.308154 90.098391 0 0 0 1
1698133150.103291 -201.260053 -307.133997 90.098139 0 0 0 1
1698133150.303683 -199.750021 -306.970085 90.092822 0 0 0 1
1698133150.503361 -198.208472 -306.814747 90.090907 0 0 0 1
1698133150.703296 -196.638078 -306.667706 90.089320 0 0 0 1
1698133150.903349 -195.056342 -306.532173 90.084483 0 0 0 1
1698133151.104066 -193.441246 -306.395793 90.079394 0 0 0 1
1698133151.303067 -191.801245 -306.271621 90.079218 0 0 0 1
1698133151.503326 -190.134248 -306.148655 90.074778 0 0 0 1
1698133151.703162 -188.446450 -306.032005 90.072382 0 0 0 1
1698133151.903930 -186.737207 -305.911910 90.074801 0 0 0 1
1698133152.103865 -185.001466 -305.795848 90.081408 0 0 0 1
1698133152.303187 -183.247573 -305.684022 90.084330 0 0 0 1
1698133152.503820 -181.470237 -305.567410 90.099345 0 0 0 1
1698133152.702965 -179.680665 -305.452110 90.087092 0 0 0 1
1698133152.903293 -177.887706 -305.334138 90.086619 0 0 0 1
1698133153.103568 -176.082313 -305.213099 90.133952 0 0 0 1
1698133153.303639 -174.267354 -305.096172 90.146616 0 0 0 1
1698133153.503614 -172.445679 -304.976583 90.123774 0 0 0 1
1698133153.703791 -170.609363 -304.856996 90.123682 0 0 0 1
1698133153.903104 -168.767267 -304.738718 90.129740 0 0 0 1
1698133154.103295 -166.934283 -304.618532 90.134791 0 0 0 1
1698133154.303668 -165.103287 -304.500055 90.136141 0 0 0 1
1698133154.503206 -163.273220 -304.379836 90.141634 0 0 0 1
1698133154.702916 -161.449829 -304.265203 90.139140 0 0 0 1
1698133154.903732 -159.626368 -304.142400 90.142886 0 0 0 1
1698133155.103257 -157.810227 -304.020648 90.138072 0 0 0 1
1698133155.303759 -155.994380 -303.897607 90.140658 0 0 0 1
1698133155.503673 -154.187206 -303.778986 90.139002 0 0 0 1
1698133155.703680 -152.378253 -303.656334 90.132662 0 0 0 1
1698133155.902920 -150.572246 -303.536387 90.137286 0 0 0 1
1698133156.102754 -148.774466 -303.418426 90.133654 0 0 0 1
1698133156.303390 -146.970072 -303.297159 90.131411 0 0 0 1
1698133156.503919 -145.171979 -303.177665 90.139269 0 0 0 1
1698133156.702776 -143.375746 -303.058426 90.138300 0 0 0 1
1698133156.903543 -141.573584 -302.939394 90.141085 0 0 0 1
1698133157.103092 -139.778696 -302.816149 90.143626 0 0 0 1
1698133157.302670 -137.987209 -302.693415 90.142954 0 0 0 1
1698133157.503365 -136.196506 -302.567922 90.147402 0 0 0 1
1698133157.703002 -134.403101 -302.444104 90.146510 0 0 0 1
1698133157.902979 -132.604289 -302.320219 90.148386 0 0 0 1
1698133158.103599 -130.803909 -302.194286 90.139948 0 0 0 1
1698133158.302808 -129.007374 -302.074547 90.132357 0 0 0 1
1698133158.503233 -127.208164 -301.944594 90.140460 0 0 0 1
1698133158.703407 -125.414781 -301.818782 90.143343 0 0 0 1
1698133158.902766 -123.630686 -301.689352 90.155222 0 0 0 1
1698133159.103032 -121.840359 -301.562129 90.149622 0 0 0 1
1698133159.303575 -120.047299 -301.435004 90.150546 0 0 0 1
1698133159.503516 -118.256359 -301.310119 90.152667 0 0 0 1
1698133159.703578 -116.466119 -301.187986 90.155116 0 0 0 1
1698133159.902968 -114.676216 -301.062307 90.153140 0 0 0 1
1698133160.103916 -112.879234 -300.938671 90.154986 0 0 0 1
1698133160.303428 -111.085527 -300.814828 90.165637 0 0 0 1
1698133160.503158 -109.285889 -300.688775 90.157328 0 0 0 1
1698133160.703083 -107.490444 -300.563477 90.160120 0 0 0 1
1698133160.903438 -105.694627 -300.442243 90.161883 0 0 0 1
1698133161.102933 -103.900637 -300.316337 90.163500 0 0 0 1
1698133161.303320 -102.108602 -300.197094 90.167040 0 0 0 1
1698133161.503435 -100.309181 -300.075523 90.163462 0 0 0 1
1698133161.703281 -98.511061 -299.956504 90.162463 0 0 0 1
1698133161.903865 -96.710511 -299.834538 90.169573 0 0 0 1
1698133162.103109 -94.912395 -299.715915 90.170565 0 0 0 1
1698133162.303548 -93.117513 -299.594625 90.164004 0 0 0 1
1698133162.503483 -91.316763 -299.474113 90.163523 0 0 0 1
1698133162.703556 -89.513058 -299.348107 90.160906 0 0 0 1
1698133162.902978 -87.710239 -299.222735 90.155650 0 0 0 1
1698133163.103183 -85.900046 -299.097210 90.146014 0 0 0 1
1698133163.303320 -84.093379 -298.977113 90.150584 0 0 0 1
1698133163.503325 -82.286691 -298.856497 90.142085 0 0 0 1
1698133163.703453 -80.487707 -298.736293 90.140696 0 0 0 1
1698133163.903476 -78.694445 -298.619603 90.135256 0 0 0 1
1698133164.103719 -76.893730 -298.502230 90.129351 0 0 0 1
1698133164.303892 -75.100342 -298.382264 90.125559 0 0 0 1
1698133164.502904 -73.304670 -298.255460 90.107989 0 0 0 1
1698133164.703719 -71.512097 -298.133607 90.119486 0 0 0 1
1698133164.903413 -69.717835 -298.008258 90.103442 0 0 0 1
1698133165.103110 -67.925178 -297.883047 90.104464 0 0 0 1
1698133165.303676 -66.132716 -297.759376 90.094752 0 0 0 1
1698133165.503222 -64.339534 -297.635502 90.094073 0 0 0 1
1698133165.703038 -62.553747 -297.513051 90.085215 0 0 0 1
1698133165.903594 -60.759564 -297.388295 90.095736 0 0 0 1
1698133166.103069 -58.971527 -297.268802 90.094203 0 0 0 1
1698133166.303732 -57.175433 -297.144385 90.090571 0 0 0 1
1698133166.503724 -55.386683 -297.022358 90.083910 0 0 0 1
1698133166.703161 -53.594616 -296.902434 90.096865 0 0 0 1
1698133166.903420 -51.798150 -296.784379 90.077418 0 0 0 1
1698133167.103793 -49.997442 -296.666268 90.071177 0 0 0 1
1698133167.303035 -48.201819 -296.547094 90.072260 0 0 0 1
1698133167.503355 -46.410588 -296.433555 90.079234 0 0 0 1
1698133167.703039 -44.614005 -296.322156 90.089015 0 0 0 1
1698133167.903227 -42.803531 -296.202378 90.086237 0 0 0 1
1698133168.102907 -40.998767 -296.090258 90.065043 0 0 0 1
1698133168.303675 -39.193220 -295.979213 90.077189 0 0 0 1
1698133168.503835 -37.390579 -295.861214 90.073618 0 0 0 1
1698133168.702904 -35.595749 -295.741350 90.074694 0 0 0 1
1698133168.903006 -33.802974 -295.620098 90.083781 0 0 0 1
1698133169.103176 -32.015665 -295.495845 90.080866 0 0 0 1
1698133169.303103 -30.225667 -295.367304 90.072566 0 0 0 1
1698133169.502482 -28.434081 -295.243674 90.075533 0 0 0 1
1698133169.702423 -26.641251 -295.115234 90.073702 0 0 0 1
1698133169.903448 -24.851220 -294.990897 90.069369 0 0 0 1
1698133170.103466 -23.056220 -294.861981 90.072855 0 0 0 1
1698133170.303464 -21.262434 -294.740048 90.077044 0 0 0 1
1698133170.502457 -19.465897 -294.607608 90.067660 0 0 0 1
1698133170.701945 -17.673180 -294.481835 90.068133 0 0 0 1
1698133170.902849 -15.898597 -294.362071 90.062365 0 0 0 1
1698133171.103261 -14.147066 -294.234807 90.062006 0 0 0 1
1698133171.303594 -12.445771 -294.111088 90.073893 0 0 0 1
1698133171.503653 -10.808910 -293.994406 90.080843 0 0 0 1
1698133171.703150 -9.241629 -293.884091 90.104388 0 0 0 1
1698133171.903622 -7.707623 -293.811313 90.138308 0 0 0 1
1698133172.102994 -6.178970 -293.786790 90.113032 0 0 0 1
1698133172.303688 -4.618096 -293.840625 90.080332 0 0 0 1
1698133172.502794 -3.021777 -293.989912 90.065447 0 0 0 1
1698133172.702903 -1.374853 -294.240198 90.045962 0 0 0 1
1698133172.903248 0.300343 -294.589906 90.024889 0 0 0 1
1698133173.102152 1.994952 -295.037872 90.011866 0 0 0 1
1698133173.302133 3.688261 -295.589761 90.038584 0 0 0 1
1698133173.502199 5.368666 -296.225772 90.048556 0 0 0 1
